6 30 6
1 (1:2:3:4:5:6:11:16:21:26)
2 (1:6:7:8:9:10:12:17:22:27)
3 (2:7:11:12:13:14:15:18:23:28)
4 (3:8:13:16:17:18:19:20:24:29)
5 (4:9:14:19:21:22:23:24:25:30)
6 (5:10:15:20:25:26:27:28:29:30)
1 1 1
2 1 1
3 1 1
4 1 1
5 1 1
6 1 2
7 1 2
8 1 2
9 1 2
10 1 2
11 1 3
12 1 3
13 1 3
14 1 3
15 1 3
16 1 4
17 1 4
18 1 4
19 1 4
20 1 4
21 1 5
22 1 5
23 1 5
24 1 5
25 1 5
26 1 6
27 1 6
28 1 6
29 1 6
30 1 6
1 1 (1:2:3:4:5:6)
2 1 (1:2:3:4:5:6)
3 1 (1:2:3:4:5:6)
4 1 (1:2:3:4:5:6)
5 1 (1:2:3:4:5:6)
6 1 (1:2:3:4:5:6)